LZW КОДИРОВАНИЕ:
--------------------------------------------------
Размер исходного текста: 1506 символов
Количество кодов LZW: 588
Количество бит на код: 10
Общий размер в битах: 5880
Коэффициент сжатия: 48.80%

ЧИСЛОВЫЕ КОДЫ:
16 18 17 1 25 29 22 24 31 29 21 19 28 24 23 15 0 3 84 85 86 87 88 89 90 91 87 0 31 39 46 51 44 55 1 47 56 59 53 43 52 53 42 53 1 57 44 49 56 57 39 15 1 6 8 5 1 56 47 51 41 53 50 53 41 0 25 128 47 61 44 115 127 1 49 105 130 1 67 17 118 6 5 7 132 134 136 138 110 40 47 57 1 52 39 140 105 118 12 0 29 40 62 47 48 1 55 96 98 100 41 1 156 116 59 164 6 9 151 65 58 58 47 60 47 44 52 158 56 45 39 57 47 66 118 11 13 4 11 10 2 0 0 36 24 32 26 76 37 23 70 72 37 82 13 1 8 119 14 1 225 148 119 12 226 119 11 119 9 1 10 222 119 223 120 238 7 235 122 8 230 122 228 240 248 235 6 7 119 119 6 231 252 244 119 254 240 221 230 6 233 225 240 257 7 240 223 9 233 9 251 222 122 10 233 6 257 247 1 7 122 265 257 8 223 230 12 254 6 230 9 223 8 227 254 7 294 230 11 270 1 279 307 234 1 235 7 283 261 309 6 237 282 222 237 12 248 230 237 243 1 221 246 222 225 331 259 256 119 5 250 233 13 291 1 233 290 236 321 223 11 254 11 281 221 271 309 121 315 318 5 230 290 208 20 24 28 19 31 28 29 216 30 31 23 22 32 33 19 21 26 23 79 81 0 5 382 148 382 307 382 383 257 383 388 386 5 384 389 390 228 390 383 392 394 386 384 385 387 282 397 405 393 392 391 405 148 395 393 413 410 415 402 403 417 404 394 409 387 425 400 393 122 425 418 408 407 415 433 282 404 430 414 413 439 399 425 384 400 436 421 429 388 437 412 402 390 410 406 452 387 427 424 443 441 319 396 462 449 389 440 397 413 457 412 407 406 468 436 450 440 454 464 430 452 444 460 461 466 443 478 257 423 437 403 485 477 428 434 445 490 415 448 491 307 473 459 408 447 454 503 426 471 448 398 481 507 455 412 450 508 388 479 493 491 488 515 456 513 459 475 510 420 494 416 530 519 399 467 435 446 432 488 394 319 436 469 335 540 487 478 429 403 424 542 541 398 466 502 335 504 553 499 495 430 490 406 528 482 432 256 428 462 549 6 208 362 34 29 31 27 19 35 24 38 1 29 1 212 76 364 216 145 82 92 591 592 593 86 0 28 39 61 39 50 64 52 63 171 173 97 99 123 129 41 39 55 200 285 10 0 34 47 160 601 603 605 174 608 56 610 612 614 253 11 0 22 53 40 39 41 50 192 110 107 41 63 59 1 46 39 54 102 44 48 147 393 0

БИНАРНОЕ ПРЕДСТАВЛЕНИЕ:
0000010000 0000010010 0000010001 0000000001 0000011001 0000011101 0000010110 0000011000 0000011111 0000011101 0000010101 0000010011 0000011100 0000011000 0000010111 0000001111 0000000000 0000000011 0001010100 0001010101 0001010110 0001010111 0001011000 0001011001 0001011010 0001011011 0001010111 0000000000 0000011111 0000100111 0000101110 0000110011 0000101100 0000110111 0000000001 0000101111 0000111000 0000111011 0000110101 0000101011 0000110100 0000110101 0000101010 0000110101 0000000001 0000111001 0000101100 0000110001 0000111000 0000111001 0000100111 0000001111 0000000001 0000000110 0000001000 0000000101 0000000001 0000111000 0000101111 0000110011 0000101001 0000110101 0000110010 0000110101 0000101001 0000000000 0000011001 0010000000 0000101111 0000111101 0000101100 0001110011 0001111111 0000000001 0000110001 0001101001 0010000010 0000000001 0001000011 0000010001 0001110110 0000000110 0000000101 0000000111 0010000100 0010000110 0010001000 0010001010 0001101110 0000101000 0000101111 0000111001 0000000001 0000110100 0000100111 0010001100 0001101001 0001110110 0000001100 0000000000 0000011101 0000101000 0000111110 0000101111 0000110000 0000000001 0000110111 0001100000 0001100010 0001100100 0000101001 0000000001 0010011100 0001110100 0000111011 0010100100 0000000110 0000001001 0010010111 0001000001 0000111010 0000111010 0000101111 0000111100 0000101111 0000101100 0000110100 0010011110 0000111000 0000101101 0000100111 0000111001 0000101111 0001000010 0001110110 0000001011 0000001101 0000000100 0000001011 0000001010 0000000010 0000000000 0000000000 0000100100 0000011000 0000100000 0000011010 0001001100 0000100101 0000010111 0001000110 0001001000 0000100101 0001010010 0000001101 0000000001 0000001000 0001110111 0000001110 0000000001 0011100001 0010010100 0001110111 0000001100 0011100010 0001110111 0000001011 0001110111 0000001001 0000000001 0000001010 0011011110 0001110111 0011011111 0001111000 0011101110 0000000111 0011101011 0001111010 0000001000 0011100110 0001111010 0011100100 0011110000 0011111000 0011101011 0000000110 0000000111 0001110111 0001110111 0000000110 0011100111 0011111100 0011110100 0001110111 0011111110 0011110000 0011011101 0011100110 0000000110 0011101001 0011100001 0011110000 0100000001 0000000111 0011110000 0011011111 0000001001 0011101001 0000001001 0011111011 0011011110 0001111010 0000001010 0011101001 0000000110 0100000001 0011110111 0000000001 0000000111 0001111010 0100001001 0100000001 0000001000 0011011111 0011100110 0000001100 0011111110 0000000110 0011100110 0000001001 0011011111 0000001000 0011100011 0011111110 0000000111 0100100110 0011100110 0000001011 0100001110 0000000001 0100010111 0100110011 0011101010 0000000001 0011101011 0000000111 0100011011 0100000101 0100110101 0000000110 0011101101 0100011010 0011011110 0011101101 0000001100 0011111000 0011100110 0011101101 0011110011 0000000001 0011011101 0011110110 0011011110 0011100001 0101001011 0100000011 0100000000 0001110111 0000000101 0011111010 0011101001 0000001101 0100100011 0000000001 0011101001 0100100010 0011101100 0101000001 0011011111 0000001011 0011111110 0000001011 0100011001 0011011101 0100001111 0100110101 0001111001 0100111011 0100111110 0000000101 0011100110 0100100010 0011010000 0000010100 0000011000 0000011100 0000010011 0000011111 0000011100 0000011101 0011011000 0000011110 0000011111 0000010111 0000010110 0000100000 0000100001 0000010011 0000010101 0000011010 0000010111 0001001111 0001010001 0000000000 0000000101 0101111110 0010010100 0101111110 0100110011 0101111110 0101111111 0100000001 0101111111 0110000100 0110000010 0000000101 0110000000 0110000101 0110000110 0011100100 0110000110 0101111111 0110001000 0110001010 0110000010 0110000000 0110000001 0110000011 0100011010 0110001101 0110010101 0110001001 0110001000 0110000111 0110010101 0010010100 0110001011 0110001001 0110011101 0110011010 0110011111 0110010010 0110010011 0110100001 0110010100 0110001010 0110011001 0110000011 0110101001 0110010000 0110001001 0001111010 0110101001 0110100010 0110011000 0110010111 0110011111 0110110001 0100011010 0110010100 0110101110 0110011110 0110011101 0110110111 0110001111 0110101001 0110000000 0110010000 0110110100 0110100101 0110101101 0110000100 0110110101 0110011100 0110010010 0110000110 0110011010 0110010110 0111000100 0110000011 0110101011 0110101000 0110111011 0110111001 0100111111 0110001100 0111001110 0111000001 0110000101 0110111000 0110001101 0110011101 0111001001 0110011100 0110010111 0110010110 0111010100 0110110100 0111000010 0110111000 0111000110 0111010000 0110101110 0111000100 0110111100 0111001100 0111001101 0111010010 0110111011 0111011110 0100000001 0110100111 0110110101 0110010011 0111100101 0111011101 0110101100 0110110010 0110111101 0111101010 0110011111 0111000000 0111101011 0100110011 0111011001 0111001011 0110011000 0110111111 0111000110 0111110111 0110101010 0111010111 0111000000 0110001110 0111100001 0111111011 0111000111 0110011100 0111000010 0111111100 0110000100 0111011111 0111101101 0111101011 0111101000 1000000011 0111001000 1000000001 0111001011 0111011011 0111111110 0110100100 0111101110 0110100000 1000010010 1000000111 0110001111 0111010011 0110110011 0110111110 0110110000 0111101000 0110001010 0100111111 0110110100 0111010101 0101001111 1000011100 0111100111 0111011110 0110101101 0110010011 0110101000 1000011110 1000011101 0110001110 0111010010 0111110110 0101001111 0111111000 1000101001 0111110011 0111101111 0110101110 0111101010 0110010110 1000010000 0111100010 0110110000 0100000000 0110101100 0111001110 1000100101 0000000110 0011010000 0101101010 0000100010 0000011101 0000011111 0000011011 0000010011 0000100011 0000011000 0000100110 0000000001 0000011101 0000000001 0011010100 0001001100 0101101100 0011011000 0010010001 0001010010 0001011100 1001001111 1001010000 1001010001 0001010110 0000000000 0000011100 0000100111 0000111101 0000100111 0000110010 0001000000 0000110100 0000111111 0010101011 0010101101 0001100001 0001100011 0001111011 0010000001 0000101001 0000100111 0000110111 0011001000 0100011101 0000001010 0000000000 0000100010 0000101111 0010100000 1001011001 1001011011 1001011101 0010101110 1001100000 0000111000 1001100010 1001100100 1001100110 0011111101 0000001011 0000000000 0000010110 0000110101 0000101000 0000100111 0000101001 0000110010 0011000000 0001101110 0001101011 0000101001 0000111111 0000111011 0000000001 0000101110 0000100111 0000110110 0001100110 0000101100 0000110000 0010010011 0110001001 0000000000

ИНФОРМАЦИЯ О СЛОВАРЕ LZW:
--------------------------------------------------
Начальный размер словаря: 67
Финальный размер словаря: 654
Добавлено новых записей: 587
